409154 435528 1197
409151 435683 1193
409277 435420 1192
409260 435538 1192
409240 435695 1191
409213 435897 1187
409199 435982 1187
409178 436078 1183
409174 436171 1182
409147 436256 1176
409469 435389 1171
409378 435463 1168
409378 435563 1166
409351 435734 1164
409328 435891 1162
409275 435982 1160
409289 436065 1159
409272 436188 1155
409208 436263 1155
409754 435326 1149
409609 435201 1149
409565 435307 1148
409577 435510 1146
409515 435614 1142
409478 435707 1140
409442 435810 1139
409442 435913 1138
409408 436075 1132
409344 436201 1130
409398 436213 1129
409638 435143 1122
409683 435349 1120
409670 435514 1118
409620 435615 1113
409688 435618 1104
409624 435752 1103
409570 435942 1101
409541 436090 1093
409512 436236 1092
409216 435826 1088
409158 435820 1085
408777 434870 1083
408731 434657 1082
408808 434639 1082
408840 435022 1079
408932 434976 1074
408897 434650 1073
409050 434674 1072
409033 434769 1068
408906 434723 1064
409262 434873 1060
409090 434982 1055
409020 435056 1053
409262 435017 1045
409210 435093 1044
409109 435153 1042
409192 435244 1038
409298 435127 1036
409302 435225 1036
409264 435295 1035
409452 434831 1034
409553 435074 1026
409434 435030 1026
409517 434818 1015
409539 434954 1009
409038 435235 1006
409167 435416 1006
408778 434739 1003
409822 435466 999
409811 435545 998
409765 435617 998
409812 435857 996
409792 435978 995
409837 436155 995
409711 436281 994
409969 435509 994
409944 435714 993
410041 435866 992
409946 436015 990
410015 436193 984
410067 435592 979
410073 436039 977
410113 436329 974
410204 436314 973
409645 436119 969
410120 436189 968
409875 435755 968
410180 436398 968
410244 436276 965
410224 436222 956
410435 436784 947
409573 436533 944
409575 436677 938
409553 436813 936
409546 436882 934
409701 436391 933
409691 436539 928
409680 436697 922
409667 436825 921
409657 436892 920
409858 436418 903
409795 436554 903
409788 436708 895
409768 436873 890
409900 436600 885
409863 436728 885
409923 436735 885
409874 436894 880
410006 436607 880
410003 436738 879
410006 436804 871
409960 436901 869
410014 436903 867
409816 437011 866
410120 436627 866
410099 436799 859
410072 436904 859
410234 436518 852
410205 436634 849
410213 436728 845
410212 436795 843
410320 436562 836
410324 436701 830
410107 437014 829
410201 436904 828
410140 436494 828
409026 436332 826
408906 436537 818
408865 436634 814
408849 436707 810
408791 436841 806
409016 436511 800
408946 436666 798
408921 436738 797
408872 436787 787
408903 436834 780
409160 436346 775
409102 436513 774
409007 436747 774
408951 436887 767
409261 436338 759
409213 436540 753
409150 436607 752
409114 436740 752
409065 436786 750
409057 436848 748
409174 436708 748
409136 436838 746
409322 436406 744
409255 436694 742
409213 436836 728
409372 436561 727
409286 436828 723
409355 436788 722
409482 436380 691
409456 436520 687
409442 436668 686
409429 436834 684
408514 436845 681
408597 436868 680
408644 436892 675
408796 436835 667
408888 436863 663
408951 436887 662
409610 434773 656
409638 434867 656
409684 434946 651
409830 435210 644
409738 434678 634
409700 434754 627
409732 434890 626
409718 435043 620
409810 435094 619
409892 435208 618
409968 435327 610
409819 434672 610
409812 434774 605
409823 434877 605
409798 434991 604
409939 435089 600
409972 435164 598
409923 434767 596
409920 434854 593
409892 434941 585
409971 435014 575
410079 435087 557
410064 435263 554
409833 434956 553
410157 435130 551
409962 434875 550
410042 434928 549
410123 434968 546
410197 435045 544
410307 434939 543
410389 434885 529
410230 434688 529
410071 434703 527
410047 434778 523
410113 434847 518
410179 435225 515
410209 435297 513
410244 435175 511
410298 435298 508
410294 435141 507
410347 435267 505
410359 435086 500
410430 435251 499
410429 435043 497
410511 435237 497
410492 434950 493
410545 435076 483
410604 435208 481
410637 435315 480
410556 434954 480
410607 435053 479
410650 435170 475
410618 434776 470
410656 435029 467
410705 435132 466
410721 435245 462
410684 435340 459
410660 434732 456
410737 434792 448
410744 435073 444
410808 435074 440
410830 435132 438
410707 434687 436
410780 434673 434
410780 434836 431
410826 434878 428
410894 434903 428
410939 434936 425
410964 434773 424
410816 435249 422
410481 434658 418
410651 434905 416
410783 434971 413
410920 435029 401
411034 435304 401
410556 434848 400
410853 434804 395
410958 434862 392
411037 434936 390
410220 435613 380
410169 435417 366
410228 435388 362
410252 435543 343
410289 435663 340
410348 436049 339
410301 435384 328
410325 435510 325
410345 435646 322
410373 435785 316
410394 435919 314
410417 436035 311
410439 436137 311
410466 436253 311
410395 436240 310
410482 436373 307
410371 435374 304
410394 435496 303
410416 435631 302
410437 435739 297
410468 435817 295
410498 435901 290
410488 436025 287
410507 436128 287
410529 436244 274
410547 436346 265
410430 435369 258
410453 435478 256
410479 435620 256
410502 435734 255
410551 436010 253
410570 436117 251
410591 436231 250
410606 436337 249
410556 435600 248
410559 435512 246
410580 435727 239
410597 435874 238
410623 435997 235
410646 436100 233
410663 436219 230
410681 436312 227
410593 435427 224
410622 435569 220
410647 435717 218
410675 435867 217
410695 435964 215
410704 436034 215
410718 436100 214
410735 436203 200
410684 435564 198
410709 435710 187
410735 435854 187
410763 435977 185
410778 436090 184
410797 436186 177
410746 435470 170
410735 435556 170
410771 435700 165
410789 435850 161
410812 435963 153
410837 436079 145
410771 435417 144
410805 435484 141
410834 435710 141
410847 435782 135
410883 436197 134
410888 435542 132
410885 435668 131
410895 435848 126
410901 435964 121
410946 435666 120
410955 435841 117
410961 435942 111
411004 435920 110
411002 435664 108
410744 436290 107
408381 434917 107
408392 434637 105
408570 434746 102
408508 434788 102