409154 435528 1199
409151 435683 1197
409277 435420 1197
409260 435538 1196
409240 435695 1195
409213 435897 1194
409199 435982 1194
409178 436078 1192
409174 436171 1190
409147 436256 1190
409469 435389 1189
409378 435463 1188
409378 435563 1184
409351 435734 1184
409328 435891 1183
409275 435982 1183
409289 436065 1181
409272 436188 1181
409208 436263 1180
409754 435326 1180
409609 435201 1179
409565 435307 1177
409577 435510 1177
409515 435614 1177
409478 435707 1176
409442 435810 1175
409442 435913 1175
409408 436075 1174
409344 436201 1172
409398 436213 1170
409638 435143 1169
409683 435349 1167
409670 435514 1166
409620 435615 1166
409688 435618 1165
409624 435752 1162
409570 435942 1160
409541 436090 1159
409512 436236 1156
409216 435826 1156
409158 435820 1155
408777 434870 1153
408731 434657 1153
408808 434639 1150
408840 435022 1149
408932 434976 1147
408897 434650 1145
409050 434674 1141
409033 434769 1140
408906 434723 1139
409262 434873 1137
409090 434982 1132
409020 435056 1130
409262 435017 1130
409210 435093 1128
409109 435153 1126
409192 435244 1125
409298 435127 1123
409302 435225 1123
409264 435295 1123
409372 434355 1121
409426 434622 1121
409452 434831 1118
409553 435074 1118
409434 435030 1115
409479 434592 1111
409517 434818 1111
409539 434954 1109
409038 435235 1106
409167 435416 1105
408778 434739 1102
409411 434362 1101
409822 435466 1098
409811 435545 1098
409765 435617 1096
409812 435857 1095
409792 435978 1095
409837 436155 1094
409711 436281 1090
409969 435509 1089
409944 435714 1089
410041 435866 1087
409946 436015 1087
410015 436193 1086
410067 435592 1085
410073 436039 1083
410113 436329 1080
410204 436314 1078
409645 436119 1077
410120 436189 1075
409875 435755 1075
410180 436398 1074
410244 436276 1074
410224 436222 1073
410435 436784 1073
409573 436533 1072
409575 436677 1069
409553 436813 1067
409546 436882 1066
409701 436391 1066
409691 436539 1064
409680 436697 1060
409667 436825 1060
409657 436892 1058
409858 436418 1057
409795 436554 1057
409788 436708 1055
409768 436873 1054
409900 436600 1054
409863 436728 1053
409923 436735 1050
409874 436894 1050
410006 436607 1049
410003 436738 1048
410006 436804 1048
409960 436901 1047
410014 436903 1046
409816 437011 1045
410120 436627 1045
410099 436799 1044
410072 436904 1044
410234 436518 1041
410205 436634 1039
410213 436728 1039
410212 436795 1035
410320 436562 1032
410324 436701 1029
410107 437014 1028
410201 436904 1028
410140 436494 1026
409026 436332 1025
408906 436537 1021
408865 436634 1021
408849 436707 1019
408791 436841 1019
409016 436511 1018
408946 436666 1015
408921 436738 1015
408872 436787 1015
408903 436834 1015
409160 436346 1015
409102 436513 1014
409007 436747 1013
408951 436887 1013
409261 436338 1012
409213 436540 1011
409150 436607 1011
409114 436740 1009
409065 436786 1006
409057 436848 1004
409174 436708 1004
409136 436838 1003
409322 436406 1001
409255 436694 1001
409213 436836 1001
409372 436561 1000
409286 436828 999
409355 436788 998
409482 436380 997
409456 436520 996
409442 436668 995
409429 436834 994
408514 436845 994
408597 436868 990
408644 436892 989
408796 436835 988
408888 436863 983
408951 436887 983
409662 434465 981
409591 434570 978
409610 434773 977
409638 434867 974
409684 434946 973
409830 435210 970
409738 434678 970
409700 434754 966
409732 434890 964
409718 435043 962
409810 435094 960
409892 435208 959
409968 435327 958
409770 434593 957
409819 434672 956
409812 434774 954
409823 434877 951
409798 434991 950
409939 435089 950
409972 435164 949
409923 434767 948
409920 434854 948
409892 434941 948
409971 435014 946
410079 435087 946
410064 435263 944
409833 434956 944
410157 435130 943
409962 434875 942
410042 434928 941
410123 434968 941
410197 435045 938
410307 434939 938
410389 434885 937
409789 434303 936
409837 434359 932
409917 434411 930
410012 434462 927
409942 434312 926
410090 434450 925
410238 434566 924
409965 434199 924
410014 434305 924
410109 434397 923
410169 434467 923
410037 434213 918
410088 434282 918
410153 434343 917
410115 434226 917
410249 434330 915
410282 434470 913
409547 434042 912
409467 434047 910
409681 433912 907
409762 433858 906
409718 433959 905
409591 434082 903
409796 434120 902
409591 434222 901
409583 433734 899
409634 433883 896
409715 434552 893
409832 434522 893
409987 434568 891
410230 434688 888
410071 434703 886
410047 434778 885
410113 434847 884
409434 434132 884
409490 434182 882
410179 435225 879
410209 435297 876
410244 435175 876
410298 435298 874
410294 435141 873
410347 435267 873
410359 435086 873
410430 435251 872
410429 435043 871
410511 435237 871
410492 434950 871
410545 435076 870
410604 435208 866
410637 435315 865
410556 434954 864
410607 435053 863
410650 435170 863
410618 434776 858
410656 435029 858
410705 435132 857
410721 435245 857
410684 435340 856
410660 434732 856
410737 434792 852
410744 435073 850
410808 435074 848
410830 435132 847
410707 434687 846
410780 434673 841
410780 434836 838
410826 434878 837
410894 434903 836
410939 434936 836
410964 434773 834
411148 435075 834
411144 435014 834
411176 434965 831
411173 434890 830
411326 435084 829
411451 435109 828
411506 435137 827
411551 435166 826
410816 435249 825
410481 434658 824
411176 435474 823
411217 435493 823
411272 435509 822
411342 435526 822
411459 435554 821
410651 434905 819
410783 434971 819
410920 435029 817
411057 435110 816
411034 435304 815
410556 434848 812
410853 434804 811
410958 434862 810
411069 434818 807
411250 435070 805
411327 434980 805
411037 434936 803
411269 435392 797
411398 435412 797
411474 435516 797
411561 435330 796
410220 435613 795
410169 435417 794
410228 435388 792
410252 435543 792
410289 435663 791
410348 436049 790
410301 435384 790
410325 435510 788
410345 435646 788
410373 435785 787
410394 435919 786
410417 436035 785
410439 436137 785
410466 436253 784
410395 436240 784
410482 436373 783
410371 435374 782
410394 435496 780
410416 435631 779
410437 435739 773
410468 435817 771
410498 435901 771
410488 436025 769
410507 436128 768
410529 436244 767
410547 436346 762
410430 435369 762
410453 435478 757
410479 435620 755
410502 435734 755
410551 436010 754
410570 436117 754
410591 436231 752
410606 436337 749
410556 435600 749
410559 435512 748
410580 435727 748
410597 435874 747
410623 435997 746
410646 436100 745
410663 436219 744
410681 436312 742
410593 435427 741
410622 435569 740
410647 435717 739
410675 435867 738
410695 435964 737
410704 436034 737
410718 436100 737
410735 436203 735
410684 435564 735
410709 435710 734
410735 435854 733
410763 435977 732
410778 436090 731
410797 436186 730
410746 435470 730
410735 435556 729
410771 435700 729
410789 435850 728
410812 435963 727
410837 436079 724
410771 435417 723
410805 435484 723
410834 435710 722
410847 435782 721
410883 436197 720
410888 435542 717
410885 435668 714
410895 435848 714
410901 435964 712
410946 435666 711
410955 435841 711
410961 435942 711
411004 435920 710
411002 435664 709
411062 435695 709
411123 435729 708
411051 435572 708
411299 435581 705
411149 435575 704
411090 435533 703
410744 436290 699
411495 434827 699
411659 434617 699
411529 434565 699
411551 434496 698
411599 434531 694
411601 434320 693
411653 434342 693
411728 434237 691
411931 433657 689
412116 433724 689
412195 433835 687
412400 433787 686
412550 433670 683
412673 433549 682
412687 433395 679
412644 433351 678
412587 433325 676
412533 433283 675
412493 433410 675
412465 433468 673
412606 433482 671
412574 433533 670
412437 433525 668
412408 433588 667
412344 433627 667
412300 433668 666
412273 433724 666
412255 433788 666
412177 433702 662
412278 433533 661
412324 433474 660
412349 433415 658
412368 433353 655
412481 433241 654
412392 433244 651
412298 433208 651
412237 433186 649
412152 433293 648
412201 433331 646
412142 433375 642
412217 433512 641
412142 433645 635
412139 433524 633
412084 433491 633
412007 433476 632
411308 434721 630
411680 434067 629
411867 434209 629
411816 434086 628
411983 434152 627
411790 433955 626
411876 433973 625
411960 434041 624
412039 434051 624
411974 433898 621
411886 433816 621
411934 433660 619
412080 434195 615
412103 434016 610
412023 433809 606
407191 434531 605
407178 434623 605
407319 434153 604
407332 434352 604
407398 434564 602
407288 434536 601
407558 433845 597
407409 434019 597
407399 434317 594
407439 434507 592
407390 434777 592
407500 434876 589
407664 434924 588
407846 434923 587
408069 434921 585
408381 434917 585
407378 434689 584
407490 434776 582
407493 434671 579
407587 434751 578
407615 434816 576
407625 434703 576
407709 434771 576
407870 434680 571
407917 434722 571
407888 434792 570
407928 434839 569
408122 434634 568
408327 434678 567
408210 434740 566
408192 434803 566
408292 434842 565
408235 434622 564
407633 434642 563
407856 434609 560
408089 434539 560
407544 433937 558
407474 434116 558
407473 434377 558
407644 434553 557
407818 434542 557
407649 434014 557
407638 434125 556
407617 434203 555
407547 434366 555
407703 434483 555
407858 434164 552
407767 434214 551
407703 434268 551
407666 434347 551
407698 434420 547
407821 434427 547
407955 434517 542
407873 434382 539
407952 434326 538
408034 434390 537
406697 434525 537
406791 434621 535
406771 434500 534
406804 434553 530
406876 434600 529
406933 434564 529
407246 434266 527
407275 433938 527
407413 433750 526
407351 433708 525
407300 433763 523
407192 433963 523
407158 434149 521
407170 434329 518
407096 434374 518
407084 434156 516
407101 434011 516
407011 434136 516
407005 434344 515
406906 434328 514
406926 434172 512
406840 434204 511
406398 434266 509
407200 433724 509
406306 433150 507
406378 433592 506
406394 433260 506
406450 433586 506
406470 433273 502
406511 433530 501
406590 433101 499
406620 433359 499
406683 433301 497
406782 433480 497
406846 433440 496
406878 433231 495
406950 433229 492
406977 433349 492
407026 433216 491
407041 433312 488
406719 433674 488
406632 433706 488
406574 433769 484
406514 433813 484
406444 433832 483
407117 433070 483
407207 433040 480
407422 433137 478
406901 433359 478
407150 433400 476
407002 435313 473
406714 434707 472
406702 434774 472
406690 434858 470
406682 434935 470
406666 435023 468
406576 434678 467
406567 434733 466
406559 434816 466
406555 434900 462
406542 434972 460
406478 435086 459
406781 435120 458
406802 435198 454
406818 435276 453
406831 435344 448
406848 435463 447
406854 435551 446
406619 435149 445
406640 435230 440
406650 435311 440
406671 435381 438
406427 435203 437
406445 435286 437
406464 435374 436
406888 435660 434
406848 434993 434
406854 434684 432
406987 434514 432
407156 434565 431
407127 434524 430
406746 434273 430
407694 433514 429
407839 433681 429
407782 433454 428
407933 433628 427
407873 433397 426
408016 433564 426
407960 433292 426
408046 433484 424
408121 433547 423
408165 433621 421
408178 433148 421
408159 433341 420
408203 433446 419
408432 433440 419
408259 433586 418
408310 433632 418
408260 433162 417
408366 433145 415
408377 433205 414
408298 433266 414
408348 433257 414
408338 433394 411
408346 433540 411
408410 433567 410
408455 433224 408
408522 433432 408
408602 433425 407
408657 433477 407
408591 433542 405
408608 433603 405
408712 433528 403
408745 433586 402
407670 433678 398
407608 433396 397
407671 433294 395
408536 433245 394
407788 433274 393
407617 433224 392
407887 433059 389
407553 433546 388
407483 433605 388
407507 433490 387
407432 433551 387
407625 433791 386
407543 433689 386
407391 433476 385
408456 433355 385
408094 433305 383
407931 433784 382
408245 434407 380
408272 434454 380
408392 434637 378
408428 434379 378
408428 434498 377
408489 434590 375
408531 434581 374
408570 434746 372
408508 434788 371
408305 433698 369
408346 433756 368
408369 433823 367
408391 433914 367
408474 433992 366
408470 434125 366
408505 434233 362
408519 434341 362
408578 434478 361
408600 434315 360
408651 434460 357
408431 433673 353
408487 433708 350
408506 433774 350
408535 433862 349
408574 433948 345
408618 434062 340
408662 434157 338
408703 434274 338
408746 434417 336
408616 433704 336
408650 433823 335
408679 433693 334
408717 433801 333
408820 433623 332
408771 433692 332
408809 433751 332
408872 433690 331
408386 434010 327
408215 434274 326
408231 434104 325
408012 434144 321
408206 434028 319
407977 434067 316
408179 433952 314
407943 434001 306
408150 433880 305
407911 433922 305
408138 433801 304
407713 433877 303
409061 433610 303
408962 433786 303
408869 434012 301
409223 433668 300
409096 433937 300
408977 434240 298
408900 434293 296
408816 434275 294
409406 433531 293
409369 433716 293
409288 433872 292
409131 434030 291
409122 434124 287
409045 434202 287
409037 434325 286
408897 434547 284
409401 433812 283
409366 433893 282
409230 434159 277
409192 434265 276
409287 434206 276
409275 434314 275
409104 434347 275
409009 434454 273
409073 434471 270
409148 434442 268
409242 434616 267
408992 434574 266
409064 434594 262
409123 434596 257
409487 433830 256
409267 434380 254
409354 433967 250
409428 433991 248
409214 433933 242
409567 433883 242
409118 434226 241
409107 434290 241
409347 434043 240
409668 433316 240
409596 433463 239
409588 433265 239
409513 433369 238
409506 433216 238
409441 433314 235
409447 433178 233
409374 433236 232
409384 433134 232
409271 433151 229
409326 433080 228
409244 433051 226
412253 435931 224
412288 435888 224
412354 436001 220
412374 435958 215
412401 435898 215
412434 435834 214
412488 435790 214
412644 435728 213
412576 435768 211
412561 435831 207
412523 435888 207
412488 435944 207
412458 436009 207
412479 436076 206
412684 435815 205
412649 435883 201
412616 435941 201
412581 436007 201
412556 436062 200
412629 436167 199
412654 436119 198
412686 436054 197
412466 435706 194
411715 435683 194
411780 435701 190
411921 435748 189
411973 435761 188
411768 435535 187
411825 435555 184
411864 435573 184
411926 435590 184
411971 435612 183
412017 435620 183
412092 435705 180
412293 435793 179
411707 436337 178
411737 436475 172
411764 436425 171
411802 436348 170
411874 436309 169
411929 436289 168
412018 436301 167
411943 436399 163
411968 436435 161
411888 436460 161
411807 436483 160
412009 436507 158
412064 436402 157
412091 436313 154
412284 436333 154
412236 436394 149
412202 436456 148
412167 436520 147
412129 436581 146
412100 436658 146
412086 436729 146
412492 436363 144
412434 436410 142
412387 436470 142
412357 436537 142
412330 436598 140
412295 436662 139
412257 436738 135
412220 436800 135
412630 436365 132
412624 436427 130
412583 436490 128
412568 436561 127
412534 436629 126
412511 436693 125
412482 436753 125
412431 436825 125
412422 436904 124
412701 436518 123
412581 436944 120
412140 436120 117
411500 435977 115
411589 435949 114
411644 435991 114
411690 435995 112
411846 435977 112
411613 436244 112
412685 436830 112
412689 437015 107
412633 436991 106