1199
1197
1197
1196
1195
1194
1194
1192
1190
1190
1189
1188
1184
1184
1183
1183
1181
1181
1180
1180
1179
1177
1177
1177
1176
1175
1175
1174
1172
1170
1169
1167
1166
1166
1165
1162
1160
1159
1156
1156
1155
1153
1153
1150
1149
1147
1145
1141
1140
1139
1137
1132
1130
1130
1128
1126
1125
1123
1123
1123
1121
1121
1118
1118
1115
1111
1111
1109
1106
1105
1102
1101
1098
1098
1096
1095
1095
1094
1090
1089
1089
1087
1087
1086
1085
1083
1080
1078
1077
1075
1075
1074
1074
1073
1073
1072
1069
1067
1066
1066
1064
1060
1060
1058
1057
1057
1055
1054
1054
1053
1050
1050
1049
1048
1048
1047
1046
1045
1045
1044
1044
1041
1039
1039
1035
1032
1029
1028
1028
1026
1025
1021
1021
1019
1019
1018
1015
1015
1015
1015
1015
1014
1013
1013
1012
1011
1011
1009
1006
1004
1004
1003
1001
1001
1001
1000
999
998
997
996
995
994
994
990
989
988
983
983
981
978
977
974
973
970
970
966
964
962
960
959
958
957
956
954
951
950
950
949
948
948
948
946
946
944
944
943
942
941
941
938
938
937
936
932
930
927
926
925
924
924
924
923
923
918
918
917
917
915
913
912
910
907
906
905
903
902
901
899
896
893
893
891
888
886
885
884
884
882
879
876
876
874
873
873
873
872
871
871
871
870
866
865
864
863
863
858
858
857
857
856
856
852
850
848
847
846
841
838
837
836
836
834
834
834
831
830
829
828
827
826
825
824
823
823
822
822
821
819
819
817
816
815
812
811
810
807
805
805
803
797
797
797
796
795
794
792
792
791
790
790
788
788
787
786
785
785
784
784
783
782
780
779
773
771
771
769
768
767
762
762
757
755
755
754
754
752
749
749
748
748
747
746
745
744
742
741
740
739
738
737
737
737
735
735
734
733
732
731
730
730
729
729
728
727
724
723
723
722
721
720
717
714
714
712
711
711
711
710
709
709
708
708
705
704
703
699
699
699
699
698
694
693
693
691
689
689
687
686
683
682
679
678
676
675
675
673
671
670
668
667
667
666
666
666
662
661
660
658
655
654
651
651
649
648
646
642
641
635
633
633
632
630
629
629
628
627
626
625
624
624
621
621
619
615
610
606
605
605
604
604
602
601
597
597
594
592
592
589
588
587
585
585
584
582
579
578
576
576
576
571
571
570
569
568
567
566
566
565
564
563
560
560
558
558
558
557
557
557
556
555
555
555
552
551
551
551
547
547
542
539
538
537
537
535
534
530
529
529
527
527
526
525
523
523
521
518
518
516
516
516
515
514
512
511
509
509
507
506
506
506
502
501
499
499
497
497
496
495
492
492
491
488
488
488
484
484
483
483
480
478
478
476
473
472
472
470
470
468
467
466
466
462
460
459
458
454
453
448
447
446
445
440
440
438
437
437
436
434
434
432
432
431
430
430
429
429
428
427
426
426
426
424
423
421
421
420
419
419
418
418
417
415
414
414
414
411
411
410
408
408
407
407
405
405
403
402
398
397
395
394
393
392
389
388
388
387
387
386
386
385
385
383
382
380
380
378
378
377
375
374
372
371
369
368
367
367
366
366
362
362
361
360
357
353
350
350
349
345
340
338
338
336
336
335
334
333
332
332
332
331
327
326
325
321
319
316
314
306
305
305
304
303
303
303
301
300
300
298
296
294
293
293
292
291
287
287
286
284
283
282
277
276
276
275
275
273
270
268
267
266
262
257
256
254
250
248
242
242
241
241
240
240
239
239
238
238
235
233
232
232
229
228
226
224
224
220
215
215
214
214
213
211
207
207
207
207
206
205
201
201
201
200
199
198
197
194
194
190
189
188
187
184
184
184
183
183
180
179
178
172
171
170
169
168
167
163
161
161
160
158
157
154
154
149
148
147
146
146
146
144
142
142
142
140
139
135
135
132
130
128
127
126
125
125
125
124
123
120
117
115
114
114
112
112
112
112
107
106

